 1  2  3  4  5
11  6  8  0  9   h=8     step = 0
12 13  7 14 10
--------------------------
5,3, 1, 2, 3, 4, 5,11, 6, 8, 0, 9,12,13, 7,14,10

 1  2  3  4  5
11  6  8  9  0   h=7     step = 1
12 13  7 14 10
--------------------------
5,3, 1, 2, 3, 4, 5,11, 6, 8, 9, 0,12,13, 7,14,10

 1  2  3  4  5
11  6  8  9 10   h=5     step = 2
12 13  7 14  0
--------------------------
5,3, 1, 2, 3, 4, 5,11, 6, 8, 9,10,12,13, 7,14, 0

 1  2  3  4  5
11  6  8  9 10   h=7     step = 3
12 13  7  0 14
--------------------------
5,3, 1, 2, 3, 4, 5,11, 6, 8, 9,10,12,13, 7, 0,14

 1  2  3  4  5
11  6  8  9 10   h=7     step = 4
12 13  0  7 14
--------------------------
5,3, 1, 2, 3, 4, 5,11, 6, 8, 9,10,12,13, 0, 7,14

 1  2  3  4  5
11  6  8  9 10   h=6     step = 5
12  0 13  7 14
--------------------------
5,3, 1, 2, 3, 4, 5,11, 6, 8, 9,10,12, 0,13, 7,14

 1  2  3  4  5
11  6  8  9 10   h=5     step = 6
 0 12 13  7 14
--------------------------
5,3, 1, 2, 3, 4, 5,11, 6, 8, 9,10, 0,12,13, 7,14

 1  2  3  4  5
 0  6  8  9 10   h=4     step = 7
11 12 13  7 14
--------------------------
5,3, 1, 2, 3, 4, 5, 0, 6, 8, 9,10,11,12,13, 7,14

 1  2  3  4  5
 6  0  8  9 10   h=3     step = 8
11 12 13  7 14
--------------------------
5,3, 1, 2, 3, 4, 5, 6, 0, 8, 9,10,11,12,13, 7,14

 1  2  3  4  5
 6 12  8  9 10   h=4     step = 9
11  0 13  7 14
--------------------------
5,3, 1, 2, 3, 4, 5, 6,12, 8, 9,10,11, 0,13, 7,14

 1  2  3  4  5
 6 12  8  9 10   h=5     step = 10
11 13  0  7 14
--------------------------
5,3, 1, 2, 3, 4, 5, 6,12, 8, 9,10,11,13, 0, 7,14

 1  2  3  4  5
 6 12  8  9 10   h=5     step = 11
11 13  7  0 14
--------------------------
5,3, 1, 2, 3, 4, 5, 6,12, 8, 9,10,11,13, 7, 0,14

 1  2  3  4  5
 6 12  8  9 10   h=3     step = 12
11 13  7 14  0
--------------------------
5,3, 1, 2, 3, 4, 5, 6,12, 8, 9,10,11,13, 7,14, 0

 1  2  3  4  5
 6 12  8  9  0   h=5     step = 13
11 13  7 14 10
--------------------------
5,3, 1, 2, 3, 4, 5, 6,12, 8, 9, 0,11,13, 7,14,10

 1  2  3  4  5
 6 12  8  0  9   h=6     step = 14
11 13  7 14 10
--------------------------
5,3, 1, 2, 3, 4, 5, 6,12, 8, 0, 9,11,13, 7,14,10

 1  2  3  4  5
 6 12  8 14  9   h=7     step = 15
11 13  7  0 10
--------------------------
5,3, 1, 2, 3, 4, 5, 6,12, 8,14, 9,11,13, 7, 0,10

 1  2  3  4  5
 6 12  8 14  9   h=6     step = 16
11 13  7 10  0
--------------------------
5,3, 1, 2, 3, 4, 5, 6,12, 8,14, 9,11,13, 7,10, 0

 1  2  3  4  5
 6 12  8 14  0   h=7     step = 17
11 13  7 10  9
--------------------------
5,3, 1, 2, 3, 4, 5, 6,12, 8,14, 0,11,13, 7,10, 9

 1  2  3  4  5
 6 12  8  0 14   h=7     step = 18
11 13  7 10  9
--------------------------
5,3, 1, 2, 3, 4, 5, 6,12, 8, 0,14,11,13, 7,10, 9

 1  2  3  4  5
 6 12  8 10 14   h=7     step = 19
11 13  7  0  9
--------------------------
5,3, 1, 2, 3, 4, 5, 6,12, 8,10,14,11,13, 7, 0, 9

 1  2  3  4  5
 6 12  8 10 14   h=6     step = 20
11 13  7  9  0
--------------------------
5,3, 1, 2, 3, 4, 5, 6,12, 8,10,14,11,13, 7, 9, 0

 1  2  3  4  5
 6 12  8 10  0   h=7     step = 21
11 13  7  9 14
--------------------------
5,3, 1, 2, 3, 4, 5, 6,12, 8,10, 0,11,13, 7, 9,14

 1  2  3  4  5
 6 12  8  0 10   h=6     step = 22
11 13  7  9 14
--------------------------
5,3, 1, 2, 3, 4, 5, 6,12, 8, 0,10,11,13, 7, 9,14

 1  2  3  4  5
 6 12  0  8 10   h=7     step = 23
11 13  7  9 14
--------------------------
5,3, 1, 2, 3, 4, 5, 6,12, 0, 8,10,11,13, 7, 9,14

 1  2  3  4  5
 6 12  7  8 10   h=7     step = 24
11 13  0  9 14
--------------------------
5,3, 1, 2, 3, 4, 5, 6,12, 7, 8,10,11,13, 0, 9,14

 1  2  3  4  5
 6 12  7  8 10   h=6     step = 25
11  0 13  9 14
--------------------------
5,3, 1, 2, 3, 4, 5, 6,12, 7, 8,10,11, 0,13, 9,14

 1  2  3  4  5
 6  0  7  8 10   h=5     step = 26
11 12 13  9 14
--------------------------
5,3, 1, 2, 3, 4, 5, 6, 0, 7, 8,10,11,12,13, 9,14

 1  2  3  4  5
 6  7  0  8 10   h=4     step = 27
11 12 13  9 14
--------------------------
5,3, 1, 2, 3, 4, 5, 6, 7, 0, 8,10,11,12,13, 9,14

 1  2  3  4  5
 6  7  8  0 10   h=3     step = 28
11 12 13  9 14
--------------------------
5,3, 1, 2, 3, 4, 5, 6, 7, 8, 0,10,11,12,13, 9,14

 1  2  3  4  5
 6  7  8  9 10   h=2     step = 29
11 12 13  0 14
--------------------------
5,3, 1, 2, 3, 4, 5, 6, 7, 8, 9,10,11,12,13, 0,14

 1  2  3  4  5
 6  7  8  9 10   h=0     step = 30
11 12 13 14  0
--------------------------
5,3, 1, 2, 3, 4, 5, 6, 7, 8, 9,10,11,12,13,14, 0

